35448450
35431408
35421801
35427478
35419724
35434104
35468471
35477806
53207643
35438672
35426586
35442712
121885901
35434476
35432463
35468426
35430815
35428089
35430547
35439456
35416782
35469187
35484488
35464273
35433588
6743169
87974929
87977555
67905673
6805128
2106671092
6768653
6744382
6779875
71839583
113220589
6738289
6751910
6810095
67904640
2103163615
6694523
2113043916
2102813021
6755123
6732866
81838131
6812808
6738394
113218871
2102790890
25176312
25127882
25334668
25407842
63112699
25153862
25415589
25720548
25659866
25388893
25405095
2112336856
25344758
25417668
25692053
25412741
25163615
25333552
2102843207
40391
28528
88894785
2102791539
2102792100
2102792099
2102792249
2104928430
68029132
15561
63254061
2102804913
2102818559
2102818560
36981
2102819171
2102819170
61500474
38013
20619
51792
2102822735
38179
119402504
2102833383
29211478
29282250
29102215
70559683
29160522
29216189
119982601
29102776
29054320
29060245
121131761
2103917105
2104792592
2103792578
2104792589
70573231
29128215
54040651
2105374311
2104792590
79531298
29185747
12095633
118475799
2102804975
12056311
12068583
12059790
12056474
12065711
2102981302
12064747
2102799244
35832471
2102786610
69345753
14467119
14467007
97969694
92193617
2104315847
2102797372
14457568
35860148
82615097
35896771
82610872
71752594
35895871
35895471
2102820403
2102820442
2102820441
2102820422
13054541
13021749
2103438069
13085989
13038837
13012913
58888459
13047623
13080423
13065111
13071882
13036958
13095038
13052634
2102812585
2102812586
2102812587
2102812578
2102812590
2102812582
2102812584
68046877
13094240
13092432
29407543
79980739
2102812283
29359277
29462754
29403313
29363910
29465277
83828674
64706962
2103053162
29355225
29484086
2102874491
29347899
83824835
83825544
2102792460
2102792458
2102792456
2102792457
2102792455
80126419
2102828496
18999647
2103598455
19056332
2104022158
2104022453
18925668
18889290
18998923
2103306432
18896605
18888289
18885737
2102802205
2103306435
19010343
2102804523
19046033
18945934
18945945
19053581
2102816478
2103040626
18891328
61350915
36538279
36428517
36484203
36440228
36554188
36576601
36432647
36440260
36440759
2103085062
36592196
36538705
36474666
36616134
36605676
36534193
36484523
36479967
36546509
36568906
36570929
36497429
66304888
66378735
66279882
66290400
66354916
66363758
66294118
66259968
66266316
66353557
2102824778
66382856
2127802735
119318103
66349872
66357324
66799606
2102859969
66235036
66324061
66364707
2102899283
51582599
20520535
20515886
20519499
20521185
20513089
20520220
20516036
20521881
20521383
20521654
20520055
20511013
20509134
20534404
20512450
20520858
20522003
20519817
20522402
20521331
20512050
20534619
2108869834
20522211
80739914
930399
2102797425
960924
990960
2102817218
906180
962434
964136
83899493
897888
956733
898362
910397
80742490
2102854816
961220
962423
951159
902293
990808
992943
1003417
960303
79666894
79600492
79705352
79595721
79648378
79600976
79593066
79691800
79530362
79679556
2102836815
72682357
79679190
79655077
79686602
79685082
122259339
79649512
79691138
79692624
72690173
79706395
79657588
79694124
79686097
2102805372
59089334
2102831648
2102852968
2102866055
2102939791
59124374
2103180788
2109021957
2114491168
2105292467
2108376025
59185381
2107140566
2102798480
2105020059
59166919
2119496568
61319727
2119248250
2102800702
2102800840
61319843
2144205003
30168343
30167430
30205132
2102828433
30184908
30217047
30154769
30154005
30155577
2102863207
2108792880
30177837
30167219
30164212
30182297
30167506
30157697
30168459
30219649
30154987
2103028263
30200613
2103293144
8199688
8176864
8157692
54824713
8154762
8224128
71607951
8219378
60986983
62733408
67776652
59263178
8211199
67400990
55274492
8205230
8212678
60985772
60964915
2102791835
50194719
82824790
8263405
8213640
89457643
64947035
63814463
2102791636
6251454
6188845
6317774
80443971
6309500
2117194511
6165444
2102810871
65029502
6328523
6204065
6257307
6279405
6144680
65006443
6254813
51534005
61423872
61381709
68915835
2103122377
61392004
2102793441
96696787
68918148
2102795709
61371836
113973174
61391353
2108627093
61411414
2102804644
2102812836
2113729674
61396055
68915986
61428566
61395953
2103363890
61392505
61390518
65788806
3634255
3660426
2102829142
3670759
2124225320
70449460
2123028860
60270948
87692244
2127482305
3738880
2103271804
119098510
3582515
4135514
3641261
2103753719
3988321
3569060
3706838
17186878
17155434
63148383
17185927
17178866
79570284
122142826
122140888
17154420
17106557
122140690
62655853
82234583
99511719
2102791728
2102811666
61241555
54907430
82925741
17145905
55809295
2102893814
17158626
17139899
61240654
2139912293
34210976
2102791490
34232693
121374351
2102791489
2104969081
2102811684
34284785
2102797374
34233408
34243134
34245783
34244478
34264779
34243169
34258853
2102811688
90621588
34264492
34256518
59360870
34213824
34245187
34247665
2103609765
33329876
96326944
33329318
2113627210
33387050
33417194
33403492
33394930
2102797589
33399376
33361802
33437136
33432170
33347377
33412136
82184218
2107333924
33428207
2106169526
2102809870
2107450376
33366310
33361824
33372752
13664449
13607492
13599094
13599846
13670596
13625381
13621666
69037823
69038013
13591410
13616525
63056245
13593856
13585460
71717902
72298788
69039076
80396602
80396928
13638440
64742780
63189056
13615477
13573581
13588714
34073132
2102869450
80899949
33825329
2103383286
80896971
33837546
33876033
52524316
34120494
92554020
33855205
2102789218
33901150
34103694
34086609
34027506
33904328
33927193
79754764
33823797
102334341
28800678
2102802852
28826805
69211604
28810208
66989933
28867959
2104826714
2107555557
28806120
28832995
2103271488
2103385883
2104993432
28796813
28826689
98265840
2102802952
28798977
2107275250
98281548
2104813049
2103271500
28807134
89410286
19639344
19632526
19619408
19636350
19644248
19643855
19634735
19632401
19633854
19632463
2146363060
82963650
19639761
19627309
19640186
2102805172
27286531
53089569
26748452
26741333
26888092
26756732
26898422
26874624
2118286963
96507474
26789424
26884977
26906609
26906733
26933672
26847322
2102797576
13330380
13330313
13295757
13271641
13342906
13294245
13296876
63358435
13345051
2103690075
67449014
13378365
13314411
2111724541
68050616
13319268
72293598
71720357
2102791497
13418427
58684638
13412392
13357373
2122396350
88132445
2103110549
88583057
88688558
88263174
88368059
2116871585
88479748
88711859
88336626
88300978
88343602
88438502
88445355
88165444
88528441
88183290
88782206
88716805
88613041
88266263
88254234
88294434
2102852626
2102852654
49999949
2103167724
2103167732
2103168228
98766625
50001571
2102788671
2102788703
59712737
50017259
49980683
98217948
2115595763
50002062
89695662
2102812401
98180070
2102815333
2104275909
70592873
27478976
2103647112
27433839
84037179
27428652
98231470
98238808
98262456
27522735
79960095
27411310
2139705112
89624794
66981284
66981123
27369444
2103512596
27437004
27520838
2102863467
27435955
73208305
73136908
73134796
73169068
73138219
2102788786
73206717
73168105
73116528
2130865315
73108476
73126569
73164409
73155258
73144172
73172387
2102848592
73165248
73208808
73160733
73177246
73183050
73109013
73178356
79949324
54042258
28934529
29124419
79925434
29078611
79958845
58529881
29143128
66643201
83801887
29156539
79945398
29143358
29142555
79940165
29237587
29114094
29046962
83805178
29275534
58529897
29156501
61886843
29090788
18720430
18733770
18710912
18745990
68983262
18719209
18737490
2104548962
18662679
18697775
18802835
79540805
18761242
18706068
18742014
18722300
68979985
18784472
18701286
82803669
68989328
18752665
18695583
59371259
18690663
79907582
83752226
79899940
2102812487
2102812486
2102812485
2102812484
2102820437
2102820438
55167932
69709204
2104806478
2106687342
55158015
53101889
69632479
2103065466
2103186396
54017263
2102858160
83758095
53102380
55167091
2103186397
26668543
27039684
27009863
67953551
2103306497
27010055
27012762
27003646
27043998
27040835
2103028695
27020142
27007621
96490269
2103306493
27039642
27037793
27039929
2120123885
27029303
55828838
55828918
7911680
7911967
8096340
8096592
2107420210
7724602
7891713
82825447
8101515
7881173
7706428
7735872
7692192
7724053
7888265
7726458
7705218
7730930
7733798
7891549
59251778
82825509
7895238
5964669
88954961
5926819
61811324
5910560
59957164
5968726
5952494
5968119
2105091492
5936558
82675011
5958529
5965182
5960382
71210869
5952953
61810909
5946438
5917306
5958398
5935081
5928583
88888049
2103470236
68274178
71176782
7209402
63330227
104316750
7161343
63371093
70059262
68273563
7188574
53380860
2102792389
2102792388
2102792387
2102792386
2102792393
2102792392
2102792391
2102792382
2102792383
2102792385
80186635
7212967
2102812433
7224518
2102856285
54693407
2102788663
43944884
43956474
43958589
2102792262
2102797638
43938946
72121654
43943135
2102812497
2102812498
63616795
43960934
43935611
43923196
43965538
63616196
79857529
43932100
43931171
43955251
43932266
43955304
20792322
20746021
84634414
20794432
20791295
82582486
20793178
2103122584
20807915
2103122583
2142546164
20794294
20792715
2110379184
2103122580
20795391
20794131
82482162
82457439
583730
618609
82471962
82478999
82436270
618635
82494257
617901
82470120
612225
82495236
617097
82468999
82516610
82496555
82457375
82437536
584342
82463959
82451662
82472636
82462564
82467783
89649399
28282938
97656199
121106555
2103914285
27758824
80569408
28486513
2103837948
80586035
28322826
80558373
80540459
28232321
27965643
27852293
2103931222
28102454
28033431
2104745186
2102788610
59556762
59561254
59561110
59556597
59585309
59566243
59565116
59555367
59576163
59561270
59564519
59555651
59585831
59554843
111038205
59342101
59344321
59585768
2103515557
59561618
59339152
59584972
59585762
59554861
67858711
1277102
52484638
1255678
1206491
1113274
1169058
2107538396
61761865
1203617
69391351
1244090
1201490
1126924
1220838
1220714
1225092
79644821
52493741
1084618
1251974
2102866179
44470267
44470558
44470266
44569994
44430415
44607314
44564025
44420999
44424606
44448958
44463662
44469957
44516554
44518028
89844677
89854348
44604854
2102788965
44565991
44564669
44493049
44506263
44608995
44493512
2102805685
108624818
2112058549
38895294
38900642
108261649
38913055
38916921
38890090
38898199
108633557
2102805293
2121392431
2102927658
108626600
2342877
70895385
2472139
2429530
2414267
2107028444
2415305
71153170
62898264
2102796751
2423857
2345517
2414933
81906270
2466657
109880064
80873064
2348187
2417124
2344458
2350290
61634398
116086930
66450016
2442684
49626024
98280647
2102849676
2102849675
2102849673
2102849672
2102849671
2102849670
2102849668
2102849667
2102849666
2102849665
2102849664
2102849663
2102849662
2102849661
2102849659
2102849658
2102849657
2102849656
2102849655
2102849842
2102849843
2102849844
2102849845
6919955
71172939
53374428
6919956
6948214
6965898
79877610
81828007
70057707
2102920511
7156261
7088252
6939101
7080459
55105742
68275522
7042397
6979732
66850603
52224774
66851461
2106016133
7073467
55109126
79880233
35976695
6623583
64993415
6577152
6590303
6609752
2102834865
6627861
112491751
6609041
72387164
2106513216
35976651
6582674
2102915827
59696179
64986702
2102952378
55637271
60189466
2114452749
60214006
2102792462
2102792461
2102792459
60215842
2102824879
2111694239
120763203
89523471
69686225
65709948
2110948254
2104534892
122325177
60189536
69707842
2102890463
2102899496
2112734577
2102910631
60189464
69706305
82869690
21201905
21196579
21236775
21242893
2111659912
21157265
21216055
79802256
2102799752
2102799750
2102799749
21237722
21184822
21154811
21159662
21158279
21192982
21229251
21219435
2102833228
21231392
21299091
21208047
21202401
20778928
20951890
20535924
2102820789
20117958
20806975
20027887
19928167
20386244
20491975
20163939
20105390
20176161
19987363
20776453
20389450
19939178
2103010568
20389925
20767807
21305324
20390023
20467957
20807645
20159131
54133060
54132215
54090037
69210860
54079687
69208688
80086592
54109659
54072057
80078771
54109624
54109679
89656390
54127485
65385834
102585061
54134657
80086048
83777129
83775918
69212230
111962609
69209536
2103698065
55435431
104452075
55382253
55389373
2102824250
2102824251
2102824252
55394516
2121717478
81929819
55395842
55436489
55434557
55415880
55385133
2107493395
55422641
63013773
81922448
55426982
55415312
81933458
55438080
42211776
42149665
42161791
42159190
42132590
62863546
42128201
62849708
42207778
42230315
42238081
55307600
42216900
42272323
42334520
59401044
42330268
42216092
42345816
42198319
42194387
64532118
42183623
72470980
42286509
82826061
7636380
7635834
59270268
60050824
72292123
8071786
72292829
7663773
8078089
2102791829
2102791828
2102791827
8201140
8089008
8080406
7598155
7600584
7670657
8252072
8080458
7655801
8272750
8082678
71617137
27136459
27128679
27155113
27147951
27157603
27148130
27148575
2102868282
27130836
27157080
2102885148
53440494
67969741
27154898
27154899
27132514
27157411
27150062
27152415
80239694
27135590
27134007
27150092
27212027
2103299226
62926292
70766547
2104865659
2105149181
2105149224
118915233
2102788595
43810897
43821075
43814949
43809484
2138374039
2140114771
2102789216
2102791317
43860363
2132141764
2104303434
2102798822
64654386
121345058
2102800561
2114118572
40440213
40479266
40465443
40388311
40466034
2102791885
2102792245
40440536
2114240355
40492279
2102797629
40401378
2102811650
110737063
40433134
40434840
2113780400
2102815045
2133848329
40388985
2102823935
40512450
67873938
88841124
2022361
101676066
1848029
1771867
1760863
1991949
88840830
2109112778
1795632
1818431
1895735
1905666
1697062
71814863
2102798782
1860488
1694456
1748011
1694892
1884924
1696595
2104230691
16009607
16074246
16020117
16069049
54680113
15996035
16063320
2102819158
16069028
16074905
16043822
16009609
2102833655
15991146
16042143
16059296
2102849592
16005716
63149718
15997949
16023724
16057771
16003426
16055218
58659735
2110887213
92115182
92163669
92132579
113198760
985513
81653847
80749231
72780266
76012596
92120198
92116091
72819395
102755733
120593477
92150576
2103744820
76019234
109459130
92103450
72176146
2105648079
2104165626
76066273
76006010
67642083
41147868
2102907674
41074245
41168659
41061336
41137699
108713065
108721974
2104166886
41109621
41126038
108756605
41109200
2105580180
2105580174
2105583264
2105583262
2104340179
108752559
2102806195
108782195
41066906
2146880699
73804398
114012601
2102792259
73805433
2117061541
2104937588
2102812170
2102812169
2102812168
73824368
73831907
2132845627
2140502665
2146380478
73847987
2139378977
2104093921
73801979
73827103
2106479014
2102825702
2102825700
2102825706
2119463489
2102846292
30782042
32320598
30613281
89070178
2103138191
2107428666
2139216449
30721426
2119051327
2103500100
62648935
30676265
2102863495
2102863487
2102920588
2102920591
2102925787
2103008189
2103077778
29780908
30739991
2103154729
2103188461
2103344467
2103382919
38704735
2104443332
2104308484
38709849
38705683
38696421
2102819247
2144027627
38697964
38706754
2102824107
38690927
38692039
38693543
2102824782
38712669
38702794
2102835251
2113284689
38704537
38706683
2102854534
113974951
79212329
79193570
79220162
2114317325
79237888
79207752
79236653
79205491
79200328
79203891
79189226
79201356
94183475
79194804
79187435
79197222
79208661
111981704
79218585
79228620
79216017
2102831217
79189199
94182959
2102833661
31217124
31217411
31197350
31197465
31220390
31216613
31199932
31200109
31198654
31198132
31221191
2115654401
31216966
31197673
31220195
31225660
2114045679
31217655
31197576
31198169
2103193380
31210707
31218269
2105884678
24784565
24791629
24756091
24779579
24770788
24743410
24797314
2102790914
24794682
2102805645
24762974
24818414
24814627
24771971
24814486
24751260
24796771
24815403
24788724
2102821991
93393676
24739495
24797155
2102824031
24814695
54581740
21750353
59777062
119343561
119343284
21863673
69169461
83074622
22012539
79753952
58737667
21842358
79751937
69160882
21969363
2105984280
68548675
21757159
69163614
21844210
116177573
21962417
2102820673
75801997
91926487
118879461
75784901
91924135
75767894
75877678
75805558
75847610
75838976
75826848
75783071
75864822
75855882
91919443
75861703
75812484
75890185
75803878
75896722
75851873
118855501
68278387
2104698462
2107094454
2102854316
116216792
71065043
2105685396
46233417
46252666
71072701
46240940
99678819
2102788719
71074039
46048611
82088840
84658559
46111412
46221871
10612045
10307078
10191985
10522415
10293109
80948797
10336884
10252810
10307305
2103674618
10324677
2104671782
10273762
10267351
2105360193
10409661
10273861
10409496
10605693
2110337118
2102788713
10188681
10188696
10394318
8004010
7826369
92346625
55256090
82821513
8139327
8003678
8009938
8009872
8130357
79527806
8013007
7798067
7948760
8284812
71598433
95075648
67083952
67771857
67771858
95098673
95163055
95128964
7818192
68959850
11505140
11514920
11528864
11639770
11288357
11529254
11573792
11630041
11636578
2102808412
2102811699
2102811697
11514451
2102811698
11483348
11646988
11286432
11445935
11290771
11287134
2102822636
11631331
26601149
26662650
26654135
26645503
2102812479
53098063
26634430
53073254
2103970831
53089955
26591498
53069637
53099856
2103899390
53121691
2104030347
2104030341
26652557
26654053
53075226
80058344
2102787076
2102787078
70513937
82334301
53949316
53831010
58474984
2103012146
53933852
53829816
70515023
61810597
53876899
53992834
2103867208
53878761
2103288849
53911022
53818862
53854662
53903709
65675769
58474981
53823775
6536236
6419802
6397988
2104145922
65332783
67555218
113225795
80202034
87881434
2104955782
6409731
6532755
81435381
6375916
50121820
81437249
65341174
7311884
55327116
97505021
7258859
7331330
7268398
7262891
69429090
7303608
7300940
97512764
2106627321
2102845345
7300955
7336577
2102788780
55326961
55327565
54897480
7301965
7298892
7317275
7248376
2114239327
97498202
2104127920
27175615
27176724
2102932978
27176283
26660244
27178490
27170090
27178693
2104127922
27178461
2103142577
55697948
2104127925
2103321565
69632421
65354761
2104127921
27172057
27162608
17863715
17792717
17849119
95943147
95866199
17866156
17843994
69264598
17860575
79828493
95928818
17803541
17878002
17831868
17851789
17854000
64833477
69260822
17863806
2134415671
17847484
17834318
17853066
17891815
30851581
30879724
30874016
2102846028
30877439
30896669
2102852663
30847339
2114557249
30891600
30893123
30849161
30859222
30859493
30896206
30859952
30896081
30891380
30888208
30848350
30881115
2102995452
30865360
30887035
2103008373
61242789
26059697
25828577
25815484
26057974
26058602
26015762
25825171
25850579
25825680
25809293
25837074
25826107
26015059
96012563
96010797
26090609
26014631
25848425
96016949
96046605
96017113
96043829
96031684
25810589
60094812
26396219
26407944
79983841
60092206
26357090
26445722
89614259
58248174
102499198
26459240
26344296
60095689
69663155
26454582
26385818
118217361
63727817
2102797419
58249188
80026200
80035816
26139734
17244343
17238382
2103823859
17220586
17221064
17245207
17344782
17344264
17241019
59200794
17351588
17352083
17239462
17364798
17349141
17247772
2103018883
2103042381
2103045740
17247171
17233075
17354157
59202160
17227457
17364226
112904818
17164635
89229457
16832408
17087927
62773488
81963015
16968038
63895186
16998092
2102857146
2102857174
16977961
16775551
51082316
16852417
16851680
17201870
16950445
120796815
2110582655
66666920
16951342
16951338
16771666
83154174
115876290
115828709
2102846056
15192091
15083879
119685876
15177796
2102791385
15079133
15142700
15167143
15085038
2102804869
15118995
15148845
15069000
111711052
2102812690
15189467
15119618
19813079
2102816370
19827594
19838876
19814094
19699046
19726712
19566889
63065099
19561138
19730779
19647310
19591798
19790496
19683678
54771622
19756962
19589395
82829455
19811551
25099264
25088584
25093074
2104688425
25090286
25673301
25195363
25658665
25446127
25089486
25089314
25675424
25097918
25453634
25723948
25451651
79808299
25459944
25694757
25089249
25094832
25456442
25715319
25088853
7580595
59267470
8058340
7575600
8042021
7844656
7825356
95156845
8041041
7867728
7863409
7856771
54825013
7867153
7978174
67803674
7572827
83890822
7855050
7843388
7582396
67782131
71597626
49815704
61765855
2102788632
67685790
48677769
48790288
48664703
48938777
67685569
48928600
2102799041
48651984
48766473
49125967
2111796189
98971596
2937103
2946887
2136011918
3014260
2940632
87744915
2986978
61818102
2938664
3023088
2104037583
2102802058
81714921
81717932
3015012
3030888
66467301
3021515
98368844
2978360
2947203
2145956
2052895
2110537
2110936
2105057862
2063262
2053694
2041953
81750977
81750836
2132358
81751085
2050741
2071914
68253049
2132580
2052745
55635672
2045694
2123094
2115154
2048830
47024815
47133518
2103082136
2103237365
47094193
2103526257
47001899
47126018
47034762
47169362
47012503
47068404
2118268255
68602488
81384958
2125416234
47178137
47092965
47045588
47077357
46950673
47132720
47285862
47226979
47000318
15323973
15312232
15316823
2102792344
79581884
15340057
15285599
58724431
15305739
15282100
69028453
61345198
15291580
15313075
15295082
15282035
15283874
15282824
61345644
58724008
15301103
63099806
94700995
15328383
15295192
69673685
89399895
80234907
67970438
55832605
2104529274
2117425464
55832630
27197164
2114058833
60332584
96524416
61871951
2103018795
96499219
2103124553
27197241
96493183
96533851
80240931
69673665
2142905385
27220275
67970455
80227315
45096086
45105578
68588721
2146489738
45047671
2102876460
2102880082
123110541
2102979064
2102995897
2103053680
64505603
45053782
45070643
45067404
45055441
99656415
45034611
64743760
44949128
68592828
45072967
45048929
64516291
2102855532
2102855543
2102855569
2102855575
2102855591
2102855623
34701020
34681107
34634976
2105807197
34627106
34652745
34681474
34711726
34630101
34646321
34670658
34620900
34703389
34671931
34622368
34689607
2102863199
2102868639
8436923
8534310
87927996
8550400
8518855
71674731
8550559
8450324
71694150
8498243
8583494
8529241
8514798
8484440
8565098
8466124
8470179
2102791656
8466312
64957655
64957664
64946751
64945396
64957796
64957667
22237191
22147896
22147697
22234299
89348002
22158288
22226278
22220624
2102795798
89340686
2102805895
22167009
22168459
22140963
22169729
22242998
22100925
22166334
2102817213
2102818693
22177695
22168609
22126819
22188381
2102784922
60712219
60651518
60651569
60735083
60737646
60745047
60670538
60689127
2102837145
60741754
60739502
60728894
60659517
60724247
60735025
60708085
60734181
60678377
60725610
60629895
60690759
60755286
88799659
511385
61618417
434477
449344
35725736
487684
499136
2102812831
398752
2104432469
443201
494716
2102792126
425527
108440326
68082007
77320934
77384570
77353749
77365650
77317017
81607217
2102788381
77328970
77314585
77397013
77409049
77374240
77358967
2102815268
77361780
77422541
77350832
121776705
77389819
2110797120
77359383
77344376
2102841246
77385609
77407091
